2.150000000000000000e+02 8.000000000000000000e+01 1.360000000000000000e+02
1.990000000000000000e+02 7.600000000000000000e+01 1.390000000000000000e+02
1.840000000000000000e+02 7.200000000000000000e+01 1.400000000000000000e+02
1.750000000000000000e+02 8.400000000000000000e+01 1.330000000000000000e+02
1.600000000000000000e+02 6.700000000000000000e+01 1.390000000000000000e+02
1.480000000000000000e+02 8.200000000000000000e+01 1.360000000000000000e+02
1.450000000000000000e+02 6.500000000000000000e+01 1.450000000000000000e+02
1.320000000000000000e+02 7.800000000000000000e+01 1.390000000000000000e+02
1.300000000000000000e+02 6.400000000000000000e+01 1.440000000000000000e+02
1.130000000000000000e+02 7.000000000000000000e+01 1.420000000000000000e+02
1.090000000000000000e+02 8.400000000000000000e+01 1.380000000000000000e+02
9.600000000000000000e+01 7.200000000000000000e+01 1.400000000000000000e+02
8.200000000000000000e+01 7.800000000000000000e+01 1.380000000000000000e+02
5.700000000000000000e+01 8.700000000000000000e+01 1.360000000000000000e+02
